286
832
596
189
678
228
156
370
516
254
337
960
883
764
737
478
164
720
184
525
706
768
531
278
481
831
967
692
974
380
498
708
200
409
117
390
181
119
669
120
780
357
982
387
735
497
752
325
141
978
216
500
315
496
208
428
951
408
688
675
154
341
860
471
825
227
398
561
801
546
646
845
444
298
238
902
515
527
750
334
717
153
150
822
101
565
771
935
689
360
161
730
427
133
396
614
705
136
239
630
955
129
242
367
220
505
660
795
358
442
421
191
626
329
145
147
397
514
222
551
304
702
144
756
313
723
633
641
836
109
349
640
809
291
410
494
294
700
961
236
725
458
522
895
263
638
850
913
448
613
741
782
590
949
418
483
595
615
296
684
972
461
371
480
766
475
807
577
997
467
163
644
106
609
604
433
954
125
774
544
503
368
585
170
439
763
804
623
456
718
686
229
250
402
193
168
470
970
207
712
359
365
956
926
400
560
394
378
474
504
281
468
159
798
573
262
912
799
211
158
827
785
647
628
206
760
273
871
917
289
386
148
786
538
160
487
554
829
283
152
704
586
940
719
293
339
221
258
336
762
602
676
486
426
629
843
797
299
597
740
422
308
214
977
430
765
249
539
463
707
618
373
904
820
381
670
736
863
548
928
338
310
821
973
284
302
587
383
173
316
794
275
672
770
434
743
194
852
746
530
431
355
921
162
656
104
178
922
622
925
936
482
260
251
600
391
395
350
379
420
223
124
875
563
847
550
484
775
724
625
946
105
650
352
781
870
243
190
327
680
745
580
218
991
412
958
759
361
280
495
114
404
816
510
634
140
272
666
851
255
217
582
790
556
300
447
240
407
290
317
800
436
971
691
231
840
389
773
779
810
356
134
100
351
980
776
598
757
453
631
137
748
532
545
233
215
212
219
648
993
385
979
549
451
292
322
792
138
945
335
454
376
620
330
155
102
906
492
624
449
252
506
557
873
769
754
635
990
210
437
122
462
681
112
835
897
366
307
567
566
570
601
377
455
687
747
345
375
488
653
179
491
324
731
983
320
793
541
636
363
547
808
443
988
612
576
553
729
183
248
403
890
346
479
882
900
986
392
838
727
542
374
465
270
199
411
235
639
981
721
535